acc      = 0.98686319
loss     = 0.048709189
val_acc  = 0.996867609
val_loss = 0.010528414
